    0.036879     1.658832     2.031179     2.390322    -2.759319     2.057193     2.948193     5.237521
    2.753870     5.152460     5.315921     6.939908     2.087636     5.422900     8.985344    12.066683
    2.477338     2.131292     3.075382     5.049300     0.499583     1.582545     2.866911     4.536099
    0.738607     0.962733     0.439019     1.257763    -2.759035    -0.994090    -0.308278     0.075001
    1.307121     1.595835     4.736206     5.460591     2.542284     2.358617     3.259793     5.828239
    0.695991     4.765219     3.157703     5.651218     2.234917     2.778917     5.204343     5.644286
   -0.041044     1.008217     4.078961     4.215643     2.069377     3.302280     4.131006     5.080606
   -0.589577     1.221092     1.765711     2.933880     1.672246     1.855669     2.091467     3.143771
    2.442253     4.186406     3.510835     8.738602     3.058131     3.001754     5.637681     8.576754
    1.911116     0.901963     1.846706     2.645786     0.719431     0.928337     2.271023     2.734887
    0.780629     1.842603     1.171219     1.948418    -1.049159     0.406656     1.733012     5.496895
   -0.416568    -0.793480     0.890338     1.818210    -0.567609     0.475168    -0.645750    -0.040250
   -0.926975     0.470038     3.900675     4.814922     1.636571     2.329484     4.550805     4.510171
    2.167053     4.010260     2.995234     4.757815     1.359171     2.966615     4.252013     5.530390
   -0.703059     1.730579     2.719597     3.965178     2.494808     3.152094     4.712134     7.986848
   -2.321911     0.939671     3.470591     3.966569     1.469053     2.512417     1.857446     2.846707
    0.056285     0.159804     0.840700     2.819931     1.802625     3.354216     2.712671     3.693470
    1.583517     2.921701     4.081738     5.198889    -1.197590     1.902991     2.462458     4.691423
    2.504837     3.033283     3.422619     4.623167     0.158389     3.718990     4.952400     7.139765
    1.321443     1.174895     4.791542     5.561006    -0.896300     2.656793     3.571893     4.558912
    0.007301     2.316010     4.263665     6.521777    -0.174956     0.492799     3.463802     4.366594
    1.027591     1.703821     3.665961     5.534918     0.621611     3.349548     1.622899     5.218453
    1.120762     0.786966     3.199718     2.599346     2.122583     2.881167     4.100597     4.465614
    1.128535     1.971255     4.527444     4.051647    -0.123733     2.465845     5.411923     6.984685
    1.610041     1.975625     2.917557     3.785750    -1.960609    -1.336776    -0.244447     4.166105
   -1.382141    -0.303367    -0.458756    -1.833207     0.222885     0.375734    -0.783774    -2.351971
    3.158186     3.629225     5.318142     6.566428    -0.770403     1.789570     5.067587     8.209907
    1.798346     3.368754     3.595915     3.219618    -0.619555     1.811707     3.726255     6.864842
   -0.307694     0.644955     3.830993     6.384905     0.740351     1.488765     1.552021     2.709171
    1.439421     3.286900     4.002029     7.337459     1.328231     1.972136     4.320773     6.430370
   -0.172839     1.173421     3.554498     4.830168     0.524701     1.612684     3.181171     4.912037
    1.670480     2.788421     4.689993     5.253051     1.000595     2.835105     5.972832     8.256969
    2.725910     3.369601     5.007128     6.437221     1.679623     3.440623     4.380903     8.415814
   -0.119358     1.087113     5.684521     5.712485     0.440640     1.582028     3.676942     6.069890
    1.031512     2.425970     5.499226     7.271445     0.513822     3.301192     3.982097     5.644204
    0.247712     0.294142     3.244253     3.606616    -0.995182     1.919827     1.498971     2.104353
    0.721053     1.016917     0.888864     2.000640    -0.690965     0.133027    -1.189224    -0.541322
    2.103776     1.766600     2.550174     4.000861     1.408953     3.687873     4.370072     5.629716
    2.012108     2.479683     5.329778     7.143360     2.591305     2.750391     5.717585     7.450096
    0.948418     3.097773     4.933525     5.756348    -0.293534     2.773236     3.928032     7.845859
   -1.816471     2.582058     4.432691     5.106640     1.823270     1.981482     3.059509     6.403092
    0.474695     2.378343     2.787751     2.395974    -0.187210     1.400574     1.968013     4.048106
    1.830853     3.754950     5.598368     6.022157     0.641878     2.589786     6.656280     8.780642
    1.840677     4.023701     3.602638     7.219805    -0.243657     1.668755     4.303557     6.328925
    1.010236     3.896134     5.627121     7.863358     0.953553     3.977124     7.544174     7.561350
   -1.240657     0.516550    -0.154166     1.830940     1.511144    -0.034758     1.514457     2.251179
   -1.587905     1.379844     2.152153     3.555919    -0.965435     1.417635     1.667261     1.674589
    0.726611     2.388018     1.285690     0.698966     0.972157     3.012360     3.492106     4.069907
   -0.479915     2.377708     1.604301     3.312226     0.107173     2.175019     1.900137     2.229375
    0.197101    -0.359841     0.153482     2.584440     0.324739    -1.125174     0.813392     1.011761
    0.249174     2.979678     3.511983     5.318872    -0.832781     0.572660     1.912384     1.904831
    1.141405     2.382898     3.716646     5.670411    -0.109899     2.125499     4.446462     6.396923
    0.906934     1.744092     2.321928     4.202387    -1.614635    -0.077970     0.890270     3.381901
    0.243936     1.522492     2.413760     5.551780     0.885184     0.954632     2.257901     4.474377
   -0.493286    -0.422858     0.540917     2.458900    -0.033609    -0.859413    -0.164258    -0.694799
   -0.412076     1.865300     2.654825     3.331886     2.300516     4.201150     5.104880     5.326762
   -0.505735    -0.244839     0.781586     2.560547     2.061379     3.659140     5.971045     5.860511
    2.588220     1.612476     1.836226     0.797008    -2.677603     0.771615     0.859407     3.916439
   -1.361194     0.810758     2.644081     5.137116     0.676537     1.842261     1.398884     1.586682
   -0.364616     1.746807     4.272003     5.903383    -0.244158     2.152168     3.012090     3.202134
    2.375345     2.288276     5.052350     5.184144     1.066038     2.718235     5.659756     8.483551
   -2.680093    -0.271388     1.237988     3.370069     0.755407    -0.525843     2.484731     1.445984
    1.775232     3.989515     3.960310     5.914055     1.058779     2.654093     6.894278     8.180316
   -1.299127    -0.869716     0.304705     3.098360     1.174736     0.553020     0.620637     1.044110
   -0.254549     2.642527     4.047992     4.748718     2.118848     1.635980     2.698748     6.020076
   -0.297942     0.586391     1.289336     3.345079     0.488344     0.965970     1.048634     0.953687
   -0.612653     1.434156     2.037545     2.965602     0.729991     1.133775     3.421065     4.291301
   -0.602443     0.610240     2.628882     2.225498    -0.635635     2.133794     2.011777     3.387154
    1.422247     2.905198     5.368629     6.502030     2.969244     3.476389     4.110055     6.104220
   -1.294816     1.381044     1.742886     2.196594    -0.877793    -0.701549     0.733637     2.024190
    0.808723     2.203235     4.008629     3.443472     1.760362     2.693785     4.857426     6.124752
    1.599380     2.115157     3.006624     3.649033    -1.826516     0.751687     2.265012     2.685183
    0.527795     0.912680     1.642588     4.324911     0.369580     2.218961     4.577092     5.408410
    0.614390     1.568837     2.647022     5.132166     1.217313     2.851894     3.232385     4.842751
   -0.121511     1.527711     2.569610     1.878829    -0.057500     1.753467    -1.090170     2.322241
    0.553988     1.890783     4.017811     6.060619     2.538384     4.420610     4.297653     5.291555
   -0.174513     2.032632     1.622307     4.472002     0.099470     0.086107     1.500298     1.805602
    1.673469     2.167824     5.352654     5.316006    -0.222889     1.838888     3.428319     4.758580
   -1.093081     0.895566     1.434061     1.911220    -0.709507    -0.034899     0.149157     0.928690
   -0.818606     2.259629     3.089701     5.553332     1.157838     1.752546     2.249241     3.805726
    0.694806     1.453360     0.412210     0.649047     0.595238     1.248713     2.844774     2.133770
    0.789009     1.904295     2.644717     5.008533    -0.592431     0.638579     3.540044     5.087378
    0.330500     1.617696     2.874926     2.219596    -0.010849     1.032935     2.053101     2.893421
    0.663014     1.155813     2.265329     2.104882     0.208564     1.025733     3.127065     4.836737
    0.953999     3.050480     4.529684     4.999294     2.118517     2.810856     5.204146     5.390231
    2.263618     6.039817     5.803411     6.623588     0.932972     5.335726     7.838988    10.155802
    1.147492     1.677031     3.612188     5.513552     0.926214     3.141682     3.604904     4.365524
    1.894858     2.555805     4.951068     5.439501     1.661410     4.161652     6.210813     8.145419
    0.984441     1.338882     0.252882     1.840037    -0.588570     0.653153     0.941341     0.612613
    0.697604     2.579689     3.221124     5.052221    -0.334412     1.771390     3.315089     6.143958
   -0.565688     1.346940     3.175823     1.716142    -0.489834     1.711104     0.954026     2.857076
    1.752251     1.999572     4.349229     6.140736     0.912353     3.372441     5.219859     8.799214
    0.174026     1.473177     1.333828     2.090406    -0.686376     0.252049     0.741408     1.768010
    0.747005     1.125307     2.138113     3.892020     0.395319     3.100416     4.000519     5.946639
    0.860545    -0.812680     0.158867    -0.424107    -2.003070    -2.766619    -0.570641     0.096661
    1.197332     1.971015     2.299345     3.520928     0.442159     2.098692     2.666258     2.811810
   -0.947917     1.283126     3.969728     6.774604     0.776739     1.049225     2.333331     2.836840
   -0.033717     1.165556     1.954500     3.864099     0.813870     2.798926     3.302131     4.675038
   -1.815682     1.704403     3.827541     3.602853     1.207696     0.692673     1.717679     2.900522
    0.482800     1.531391     3.023124     5.934711    -0.567252     1.137049     1.189881     3.242516
   -1.374701    -0.672468    -0.079416     0.709447    -1.038779    -0.000739    -0.066366     0.232083
   -0.217798     1.706323     2.829504     2.744410     1.034977     1.280454     2.312860     4.204954
    1.559906     3.731831     3.927451     4.877227     0.474738     2.325074     4.698747     5.783257
    2.132210     3.272916     4.058009     8.647458     2.231252     3.617353     6.460548     8.268969
    0.830303     3.461285     2.537473     6.443352     1.018162     4.651120     5.829742     7.646324
    1.568036     2.922567     4.967771     6.414320    -1.430110     0.735276     2.066718     5.339608
    0.063014    -0.548057     0.753046     2.023935     0.703668     1.930228     1.299627     3.577080
    1.417941     2.739435     5.122773     4.226683     2.678258     4.236143     4.100531     5.156209
   -0.446468    -0.938876     0.906456     2.961410     0.975527     0.483405     1.419324     1.732532
    0.684717     0.352341     0.224921     0.756239    -1.154187     0.772948     1.493010     3.036824
    0.636910     1.144897     1.942725     3.837821     0.826983     2.842306     4.401015     6.083100
   -0.265047     2.910597     5.701802     6.298960     1.969014     4.739485     4.201540     5.853281
   -1.363750     0.585717     4.110524     4.566129     2.820318     1.620443     2.927492     3.260337
    0.599710     2.009977     2.630977     3.970900    -0.540081     2.118993     3.667047     5.995400
    0.748672     2.107614     5.323003     5.536659     0.527632     2.563800     3.651239     4.073968
    2.514201     2.131361     4.352985     4.992840    -0.006308     3.447231     5.140761     7.220867
    1.101496     3.348171     3.704166     6.502523     1.435910     2.414897     5.147143     6.188425
    2.653854     3.800592     4.482563     5.107775     0.228088     3.083508     5.512397     7.341130
   -2.363220    -0.499551     1.513637     3.125677     0.738138     1.030507     1.063204     2.195703
    2.719097     1.368805     1.888150     2.066989    -0.472774     2.485451     3.445312     6.391944
   -0.481927     0.996076     1.884121     2.018398     0.360111     2.022046     3.336791     1.599759
    0.536164     3.158478     3.581894     5.076749     1.918550     3.346368     4.636942     4.329036
    1.010927     2.449687     3.598990     5.675320    -0.013519     1.801167     4.623940     5.543852
    1.349895     2.237271     3.037511     3.924197     1.036752     0.238672     2.360737     3.217758
   -0.372553    -0.214336    -1.113885    -1.311786    -0.981436    -2.605333    -1.983521    -3.223124
    0.313193    -0.216246     1.208230     1.574745    -0.161829     1.044579     3.102919     5.638461
    0.972862     1.355112     3.683254     3.991709    -0.656033     2.433582     4.150758     5.973671
    0.190998     0.111457     1.442989     1.142891    -0.170987     2.234919     2.100970     5.426408
    0.679492     2.556089     5.303422     5.973035     2.536920     3.917821     6.921387     8.466638
    1.107144     3.027157     4.358976     5.267997     1.150719     3.142289     4.067529     5.387830
   -2.100905    -0.103673     0.873646     0.413912    -1.363584     0.159289     1.917061     0.596499
   -0.263724     0.450657    -0.983662     0.436914     0.201723     0.063634     1.706408     2.692494
    1.922627     1.858139     3.173351     5.132749    -1.217664    -0.350624     3.055516     4.064440
   -1.894811    -0.529102     0.328570     1.392980     0.840402     2.187450     3.072982     3.583450
    2.432918     4.309037     5.639303     7.709857     0.307073     2.352329     5.887002     8.611059
    0.926449     1.836492     4.140149     5.916155     2.386767     3.932251     7.091028     9.939024
   -1.284811    -0.029371    -1.163476    -2.041453    -1.020155    -0.573153     0.026033     1.767322
   -1.986596    -0.418585    -0.140949     0.442804     1.660595     1.348620     1.485798     0.995523
    0.987246     2.356571     2.265301     3.197315     0.114785     1.808002     2.878051     3.863659
   -0.409550     1.585591     3.524563     4.737846     0.573211     2.248687     2.591091     4.745346
    1.664042     2.793195     3.076621     3.687797    -0.597032     1.906864     3.907295     4.002433
   -0.633610     0.977856     0.971571     1.133353    -0.675754    -0.285536     0.293834     1.903159
    0.596257     1.044868     2.732895     5.818361     3.758612     3.476953     5.182306     5.795990
    2.096663     3.846777     6.353554     7.785970     1.691931     4.922943     7.356609    10.580317
   -0.037663     3.078556     4.066650     4.080909     0.681847     1.917343     3.051798     4.378599
    1.127547     1.167908     3.369212     6.146351     1.219570     1.507403     2.124585     4.762583
    1.095667     3.498807     6.402376     7.736929     0.916544     3.368956     5.329518     7.174228
    2.411497     1.915234     2.527889     3.963723    -0.389267    -0.147811     4.647638     7.376060
    1.620459     0.813785     1.902717     2.631088     0.803770     2.249755     1.881949     5.052284
    1.131899     1.377194     3.978082     5.859875     1.894026     0.189143     4.741639     6.528509
    1.033526     3.114708     5.028987     7.102925    -1.112661     1.281255     5.112085     8.041936
    0.639788     0.499248     3.404584     5.388796    -1.430042     0.178648     2.892595     1.842434
   -0.544413     1.606008     1.438580     2.601911    -0.478003     2.020627     2.759667     2.371725
   -0.304039     1.856573     4.392611     5.572402    -0.537652     1.014773     1.718677     1.950113
    0.310277    -0.171408    -0.208702     1.116593    -2.295691     0.430042     1.128115     4.793903
    1.084937     1.404385     0.907643     2.647255     0.147698     2.552145     3.096226     5.227586
    0.234530     2.410034     4.764454     5.765141    -0.661581     2.797371     5.191127     8.186251
    1.634913     2.044681     0.834049     2.566076     0.081921     1.522165     1.062524     3.085755
    1.139311     1.780073     2.261647     4.626885     0.195695     1.755037     3.181752     4.391003
   -0.719363     1.729774     3.295385     1.800474     1.790046     3.417218     3.135197     3.546920
    0.129435     1.915975     2.292373     5.084769    -0.543283     1.721943     5.337921     3.473458
    0.975785     1.846787     2.319261     3.371386     1.144727     2.228581     4.940639     7.075445
    2.334437     3.610689     5.376988     5.537963     1.908285     5.003274     6.315867     8.091874
    2.094093     3.231834     4.443468     4.744665     2.707181     3.706771     4.181412     7.377617
   -0.777562     0.676912     1.448896     0.117944     0.801550     0.390115     2.251325     1.499276
    0.774958     2.024457     2.566978     3.074926     0.784675     1.639477     0.416602     1.281648
    0.215788     0.949838     2.159798     0.984129    -0.080118     1.511257     3.003154     4.290899
    1.281907     1.827854     3.492408     5.190907    -0.121798     1.897218     2.965560     3.762072
   -0.343228     0.366359    -1.142393    -0.359220    -0.765657    -0.354079     1.016953     1.674514
    0.641442     2.610960     6.676427     8.544423     1.441079     3.750648     5.388993     7.581349
    2.539270     3.369027     4.986494     4.655440    -0.316371     1.985565     4.994846     8.052140
   -0.977514     1.566776     2.602278     2.921021     0.463273     0.971168     1.291528     1.997170
    1.720427     3.687810     4.552628     6.103738     0.048713     4.136729     6.813409     8.510989
    0.791887     0.798118     2.266681     3.758426    -0.200271     0.260476     1.719632     2.140079
    0.110950     2.100522     2.160740     4.061511     0.634893     1.064624     3.528408     5.008897
    0.725089     1.532845     1.831876     3.514768    -0.075258     0.922991     0.366507     1.951254
    1.250735     2.839857     2.482438     3.588491     1.722078     2.132859     2.404638     2.203417
    0.690463     3.920421     5.312498     6.973091     1.023627     2.310120     3.541598     6.952118
    2.013134     3.629205     5.674386     6.240499     0.295778     0.925229     4.617338     5.376012
    0.350114     2.649371     3.079824     4.414619     0.603815     1.110571     2.269954     4.163828
    0.244678     0.869029     2.000818     4.071755     0.608716     3.172796     6.246041     4.936647
    0.619824     1.430812     2.013656     2.249663    -0.858759     2.168562     4.539012     5.880296
    2.173563     2.416778     2.513098     1.335745     0.551911     2.523870     4.636413     5.853100
    1.696094     1.853967     2.011553     0.992002    -0.426238     1.776028     3.456622     7.445003
    3.211867     4.005964     6.789161     8.845192     2.134171     4.318066     6.757547     9.242743
    2.528506     2.067172     3.157560     3.569788    -0.075668     1.649850     2.940368     6.258597
    0.381808     1.832534     2.045515     5.352356     0.214678     1.446203     3.734437     4.019146
    1.402044     1.471325     5.111342     5.596389     1.556226     2.471124     4.222692     5.232009
    2.485416     3.403351     5.339560     7.332299    -0.547313     2.599589     3.432287     7.778995
    1.084239     2.988620     4.790294     5.168358     0.393857     3.313482     5.635993     6.514110
    0.544890     1.760212     4.565748     7.459380     0.368820     2.627749     3.685131     2.652220
    0.462100     2.917034     5.326470     8.087846     3.074464     3.373360     4.493681     5.880491
   -0.570398     0.360313     2.344800     4.013279     1.342912     0.924769     1.417758     2.059238
   -0.133528     1.833046     1.666475     3.899640    -2.095694     0.301953     2.948981     5.952095
   -0.675774     0.133678     1.313662     2.740338     0.259069     0.313072     1.628261     2.247341
    1.960429     5.098518     4.299777     6.906843     1.859392     5.495402     7.152637     8.321232
    1.381950     2.207550     2.117335     3.711221    -1.203262     0.421396     2.166076     4.804965
    0.461077     2.314587     4.313659     6.199354     2.269779     3.411917     4.234094     5.134159
    1.549199     1.030107     1.741898     3.156590     1.046107     2.412419     3.816954     4.995672
    0.960530     4.845883     5.094227     6.225392     0.230493     2.403215     4.132734     7.189606
   -0.905676    -1.052733     0.115005    -0.809772    -1.877692     0.008439    -0.783766    -0.044575
   -0.002664     0.002669    -0.027529     2.216269     1.290258     0.303678     1.846117     1.984208
    0.732250     3.274632     4.380480     6.074937     1.513735     2.308210     4.759782     6.648287
    0.701088     0.856855     4.438034     5.180359     1.644472     0.114911     0.814518     0.717849
    1.147235     2.725154     4.012503     5.269363     2.110259     4.376565     6.297011     8.535502
    1.291427     3.636113     3.550022     8.106770    -0.055215     3.130116     3.657255     5.623348
   -0.421964     1.027824     0.684357     3.992216     1.799691     2.667386     3.657693     4.770877
   -2.494036    -0.425813     3.132613     5.814909     0.977805     4.528398     3.996526     4.801168
    0.383579     0.877762     4.022933     5.566629     1.143942     2.366713     3.183768     3.937015
   -2.089935    -1.751693     0.202231     0.847186    -0.333983    -0.285727    -0.095040     0.698799
    2.013165     2.648810     4.669953     7.624534     2.233199     3.534274     6.021901     9.819680
   -1.503455    -0.412938     1.318768     1.629940    -0.376265     0.135899     2.168770     3.820363
   -2.532130    -0.480265     1.336997     2.449481    -0.598886     0.454927     1.938695     2.664609
   -0.711724    -1.163198     0.244617     1.182996    -0.731154    -0.834121    -0.491852    -0.445165
    0.867212     1.812979     1.870720     3.398737     0.814014     1.871781     2.657288     4.357983
    0.949460     3.332867     4.610872     5.453340     2.216993     3.516370     5.641899     6.832312
   -0.788624    -0.166333     2.527807     1.699414     1.021968    -0.181625    -0.543547    -0.575002
    1.285846     1.976442     2.903047     4.231609     0.713396     2.040381     2.865631     4.211332
   -0.594390    -0.086517     1.458563     3.737475     0.364921    -0.597401     0.400757     2.490180
   -0.776683     2.091203     3.480415     5.218000    -0.021158     1.931119     2.214080     2.143728
    0.451325     3.170287     5.230850     4.908329     2.028338     4.933755     6.814692     9.383671
    0.442899     2.266647     2.689316     4.316740     2.039352     2.205372     3.300005     3.079925
    0.111289     1.116127     2.791663     4.744384     2.330545     3.279107     4.055303     6.030292
    3.231275     3.129522     5.146679     6.005795     1.247760     3.315778     6.264729     7.730376
    0.439770     1.434790     3.098647     6.923033     0.826741     4.145972     4.440191     5.029144
    0.437127     2.376623     3.597536     4.481450     1.216709     2.246754     3.928595     5.152174
    0.600039     1.667044     1.761307     3.642030    -1.121202     3.190295     2.818564     3.194415
    1.125904     1.986960     3.270128     2.796952    -1.146025     2.255777     5.094728     7.384149
    0.198704     1.118569    -0.007454     1.215237     0.567240     0.050728     1.543856     1.775898
   -0.080494    -0.209092     2.423301     1.836228     0.915485     2.398758     2.027634     3.967068
   -0.785178     1.641607     3.189646     4.557012     0.382773     1.316477     3.113265     4.054405
    2.475343     2.966315     2.432363     4.602510    -0.244177     0.698591     2.037233     2.619957
    0.772381    -0.665982     1.736572     2.811261     1.809223     1.660437     2.424845     4.202557
   -0.215293    -0.017931     1.335379     3.252230     0.562961     3.234267     2.463766     3.757957
   -0.031518    -2.932961    -0.640683    -1.909734    -1.311453    -0.837666    -1.342428    -1.330667
   -0.636436     1.277136     2.181860     2.801097    -0.820519     0.833998     1.060241     3.277126
    0.024066     1.482156     2.437176     4.065148     1.633618     2.576733     2.476128     5.107819
    1.689963     2.456917     4.779807     4.557282     0.221415     2.817006     5.975088     6.800190
    2.842643     2.561118     4.212029     8.579022     2.480745     5.499455     8.744933    11.271842
   -0.684181    -1.098048    -0.909388    -0.225705     1.163069     0.790733     1.417276     0.938311
   -0.342999    -0.588600     0.412823    -0.098070    -2.727702    -0.607319     0.530167     3.150525
   -0.587872     0.010636     2.153481     2.164170     1.428760     1.163989     1.578446     1.838674
    0.084244     0.227994     0.947344     0.966228     0.661104     0.799342     2.048635     1.671318
   -0.895310     1.775239     5.307930     6.771397    -0.529308     2.434395     4.689662     6.285506
    1.326253     2.786961     4.727062     8.589959     2.733920     5.785409     7.833253    10.918826
   -0.413442     2.545848     4.501707     4.650160     1.165945     2.821784     4.037500     6.902906
    2.660738     2.147962     2.158881     2.683710     0.555020     1.590006     1.806194     3.558084
    2.568992     2.977083     5.449715     5.944893    -0.484213     2.923453     4.233627     6.503181
   -0.120049     1.080534     2.416015     3.128698    -0.153925     1.501743     1.198562     1.686880
    2.312645     2.257957     2.425180     3.666154    -0.083004     2.296901     5.918953     6.591958
    0.386464     0.736708     1.356915     1.883907    -0.186758     1.092398     2.910358     4.313705
    0.902947     3.676003     5.268652     7.404503     1.768368     3.225978     5.104139     5.746814
    0.400170     0.005400     1.563789     1.744015    -1.477482     0.901539     1.116658     3.381858
    0.062194     2.280763     3.009636     5.789356     2.611144     4.441424     6.016973     6.757276
    0.167934     0.413291     2.598198     3.207502     2.101958     4.209608     3.362472     3.269363
   -1.400919    -0.244902     2.392864     2.201072     0.595810    -0.601022     0.486274     0.599988
   -1.033536     1.140077     1.028228     1.861523     2.079377     1.265119     1.451331     2.245020
    3.167669     3.253857     5.404990     5.675472    -1.366483     2.297846     4.779967     8.212006
   -0.653188    -0.118653     1.373939     3.004109     2.194776     2.135863     1.436677     2.834033
    0.974743    -0.630053     2.187213     3.671736    -0.149045     0.800341     1.719963     4.200024
    2.157775     3.839615     4.380712     7.249149     0.517123     3.931101     5.049930     6.084092
   -0.553147     0.274841     0.762571     1.722103     1.653942     0.585461     2.921880     1.879392
    0.550679     4.140436     4.731343     6.514985     0.930590     2.217333     3.270338     4.049500
   -0.870031     0.525036     2.829018     4.665554     1.126028     1.432763     1.675506     2.817097
    2.208184     3.879438     6.647347     6.489674     0.735442     2.195295     6.642378     8.011878
    2.302598     2.358594     2.309908     1.818046    -1.155745     0.449145     2.010889     3.899181
    2.359847     1.183176     2.018904     2.268684    -0.444455     0.972649     5.385682     4.919578
   -0.759191     1.000216     1.124003     2.328586     0.817989     3.258110     4.677469     4.784751
    3.168726     3.607359     6.256193     7.739184     2.338807     2.991793     5.020189     6.783106
   -0.333865     2.946355     4.401248     7.295553     1.393721     1.188860     2.627203     5.637310
    0.564267     0.684546     2.463616     0.713678    -0.332766     1.137663     2.339769     3.262334
    2.522493     1.946461     2.947087     2.236376    -1.597343     2.202727     3.558061     6.418685
    0.028383     4.223274     5.813888     7.056312     0.743552     2.922449     5.648440     6.162410
    2.589401     2.900769     3.107292     3.584967    -0.737308     0.930739     4.353604     6.523948
    0.415587     2.670755     4.726095     5.488403     2.236909     4.378658     3.689633     5.149203
    0.588962     3.057617     3.911449     6.276577     0.543391     1.952676     4.019045     5.385189
   -0.288908    -1.758975     0.079351     0.412134    -0.157699     0.511488     2.137804     2.793515
    0.003896     1.557049     3.849484     3.059208    -1.576388     1.783370     1.430643     3.745200
    2.588736     2.571422     2.261949     4.216625     0.998094     3.249892     4.367616     6.464859
    0.322466     1.597025     1.841735     2.059742     2.637684     3.418312     4.012284     6.011537
    0.705468     1.962693     0.559736     1.180117    -1.486364    -0.470786     1.421042     2.576869
    0.886453     0.621693    -0.588429     1.986874    -0.589186     2.556966     1.597279     3.824621
   -1.137934     0.258146     1.324541     2.251049     1.019129     2.417630     0.952254     1.815577
    1.332204     0.207240     0.437871     0.995275     1.069891    -0.251558    -0.348283     1.668864
    0.855837     1.423428     3.085041     2.991189     1.525630     0.824431     2.638475     1.861147
    0.675497     2.146388     3.444442     4.275619     1.165192     0.697835     3.313676     5.029711
    1.366682     3.124200     2.363358     2.406307    -0.090633     1.089510     2.948076     6.179060
    0.775927     0.935216     0.587339     2.312197    -1.630199    -0.011437     1.104087     2.759473
   -0.162989     1.224521     3.296825     4.476029     0.629328     2.287320     2.414607     4.427303
    0.010634     1.685727     2.101585     4.069453     0.446709     0.053510     2.655316     5.351372
   -0.847348    -0.926142     2.914151     3.187097    -1.046314     0.846977     0.879339     2.829805
   -0.402444    -0.587216     1.053158     1.295438     2.504427     2.013521     3.485643     5.105167
    1.280030     2.072942     2.896839     4.541391     0.852573     1.785410     3.430146     4.106675
    0.705900     1.320320     3.840226     4.621449    -0.548428     0.963985     2.884670     7.322031
   -1.465768     1.878018     3.339136     4.566144    -0.709061     1.613244     2.441013     4.750873
    1.219580     1.779322     2.541492     3.321260     0.616106     1.976556     4.230438     5.314592
    0.047338     0.732301    -0.214416     1.728921    -1.189280    -0.621928     0.997044     2.020383
    1.592919     4.030239     5.040974     6.432453     0.074944     1.110198     3.766797     6.454899
   -0.652368     2.110638     2.269411     5.378996    -0.011266     3.465067     2.245629     3.022880
   -0.103887     0.694721     0.271100     0.224797    -2.715263    -0.668813    -0.609743     0.106371
    0.310306     3.679133     5.478529     5.391110     1.505192     2.453707     4.073306     7.281186
    0.607266     2.037327     2.534048     4.393429     0.165212     1.175976     3.798172     4.591725
    0.207449     1.612047     2.877172     4.338830     0.551946     2.105786     1.298127     3.210302
   -0.772051     0.224949     4.865716     6.332041    -0.189195     1.017336     1.494509     3.232532
    0.746142     1.708407     2.230830     3.337913     0.284192     2.604889     2.262876     3.470181
    1.723440     3.163384     4.308076     5.699016     0.862930     4.133882     4.861914     9.931859
    0.574499     0.471198     1.062234     3.688924    -0.166879     1.512540     1.776549     3.169244
    1.694103     4.499412     2.273685     4.360182    -0.127662     1.543722     3.295641     4.588451
    1.505506     2.138685     3.057261     5.037995    -0.770394     1.325333     3.367033     5.525181
    0.502134     0.502583     0.600299     0.535814    -0.342580     0.563796     0.245422     2.466465
    1.846537     1.391947     2.093476     4.548719     0.808524     1.264625     1.496315     2.095672
    0.595955     0.737630     1.804108     1.459363     0.112557    -0.139891     2.846151     4.003481
   -1.523412    -0.564982     1.757462     0.468703    -2.500245    -0.532435     0.395741     1.179532
    0.644684     1.628631     2.773850     3.040202    -0.043519     1.354824     2.206152     3.617693
   -0.808312     0.913206     1.031668     0.859212     0.099777    -0.694895    -0.694820     0.706627
   -0.409292     0.258460     3.564808     4.455104     1.050769     1.134915     0.708686     2.010398
   -0.028637     2.094764     5.232272     4.332920     0.300746     2.528881     3.225838     5.660396
    0.149269     1.176424     2.251747     4.828848     2.685136     4.044292     3.139753     3.896071
    0.324866     1.064661     2.824606     3.321279    -0.502408     1.528144     3.376694     4.420185
   -0.963016     1.985758     1.961985     5.039208     0.030389     2.254677     4.506659     5.777989
    0.902477     1.824623     3.587815     5.861796     0.525173     1.556605     3.056532     3.958187
   -0.410486     1.663113     3.681933     6.882250     0.994496     3.542848     4.803378     5.694492
   -0.750906    -1.582304     1.473424     2.377148    -1.773980    -0.503819     1.402399     1.564654
    2.120422     3.307722     5.083160     5.304458     2.386302     3.773112     6.584973    10.911582
    2.043280     2.057153     3.824945     3.907715    -0.908319     2.934799     6.121890     6.073230
    2.362930     3.919810     4.737878     7.204206     2.006143     4.306715     7.381218    11.740454
   -0.145358     1.168602     3.211647     4.411696    -0.075555     0.829038     2.281423     3.058302
   -1.474282     2.104393     2.775164     4.103407    -1.447061    -0.072794     0.988582     1.813845
   -0.594999     1.112649     3.146533     6.737528     2.350961     3.003649     5.978048     6.628215
   -1.473312     0.183189     2.507791     3.373337     1.376611     0.755195     1.182335     4.274002
    0.696958     0.904643     2.248390     2.681797    -0.300364     0.211822     3.401659     4.715158
    3.430438     2.745206     3.249531     4.933949     0.837982     2.916258     5.164262     6.712484
   -0.360191     1.184074     2.022201     0.304980    -0.557771     0.187970     0.665894     2.145379
    0.550311     2.398297     2.316190     4.891611    -0.785673     0.612331     1.063676     2.579173
    1.922123     1.211960     0.974622     3.470870     0.224810     0.595293     0.714607     3.342616
    1.021565     1.062232     3.392695     5.216788     1.123251     2.609385     5.026663     5.754420
   -1.520859     1.052821     1.576208     2.684405     1.768008     1.678647     0.976081     2.611257
   -0.243412     1.323046     5.038782     7.938890     1.757207     3.265522     5.280716     8.113360
    0.808701     1.505763     1.263777     2.569050     1.863723     1.241037     0.868972     4.684756
    0.428210     0.580323     1.865327     1.788133     0.827806     1.257758     2.039971     2.929362
    3.050093     1.568815     3.185822     3.597908     0.244124     0.813203     3.225004     6.109968
    1.208960     2.906433     3.423646     3.581875    -1.885204    -0.817401     2.569723     3.951407
    0.233579     1.074484     0.837116     2.538387     1.402934     0.806911     2.390838     1.494145
    0.396146     2.368134     4.012911     6.815666     2.630831     4.344429     7.069465     9.922972
   -1.483687     0.812461     0.713786     0.873478     0.479350     0.408789     3.250713     4.026394
    3.195311     4.373018     6.740071     4.440861     0.419944     4.634046     4.627015     7.138017
   -1.063581    -0.858464    -0.558176     2.378063     0.819108    -1.188080    -1.332139    -3.298036
   -0.069952     0.661710     1.865786     2.971372    -1.275033     0.368379     1.319035     2.637866
   -0.523145     1.815571     2.642520     4.375309     2.427624     2.375306     3.964965     4.994698
    1.087659     2.543913     2.667517     4.344160    -1.394251     0.460539     2.510252     4.875022
    0.923305     1.236021     1.746903     2.663864     0.110790     1.296258     3.531176     4.550254
    1.594620     1.829537     1.704524     2.247525    -0.489923     0.104798     2.536280     2.697568
    0.942748     2.289436     6.170445     8.708241     3.209128     5.268985     6.518025     8.442459
    0.755172     0.019297     0.035317     2.757828     0.003213     3.015734     3.414783     2.456680
    1.480031     2.891007     4.319987     5.476607     1.384059     3.059330     4.317683     3.857521
   -1.946112     0.930784     1.949825     3.033292     0.404542    -0.342800     0.443025     0.139980
   -2.198233    -0.812064     1.418142     2.716963    -1.077616     0.212666     0.118399     0.158133
    3.449165     4.632425     6.623892     9.236373     0.570236     4.572860     6.995068     9.532759
    2.166133     3.287879     5.917226     5.344211     1.109624     1.822562     4.259291     4.888507
    0.466521     0.509747    -0.567907     0.585053     0.339154    -0.535269     1.283479     0.816299
   -0.206631     0.808262     1.105480     3.118049     2.147248     2.647474     2.090582     3.499326
    0.999789     1.453002     3.447974     3.738310     0.168331     1.364002     2.627809     4.552169
    1.553213     0.546865     0.583620     0.872235     0.249792     1.186037    -0.135201     1.749625
   -0.214242     0.949330     2.079451     3.081668    -0.949561     2.126468     4.489739     5.732125
   -0.699957    -0.460081     1.399707     1.848242     0.151333     1.166038     1.835026     2.848287
   -2.584096    -1.865671     0.615886     1.836224     0.979843     1.943397     0.934831     0.798964
    0.561972     1.296448     0.682706     2.185824     0.232318     0.120306     2.505407     2.370230
   -1.619188     0.943294     2.933502     5.326119     2.027025     2.003830     4.035332     4.712924
    2.114208     3.476803     4.220691     5.623204     0.385824     2.702575     4.987253     6.699447
    1.644824     2.790180     3.372508     5.436038     2.368370     3.027705     4.114529     6.284206
    0.347272     1.031694     2.491625     3.151624     0.306780     1.276878     3.388374     4.501298
    3.783690     4.681971     5.943041     8.043944     1.574186     3.397174     5.895926     7.715287
    0.605844     3.258400     3.520810     5.075009     1.428980     3.777409     5.615238     7.526577
    0.853404     3.224524     4.098501     3.822500    -0.037508     0.243484     3.002124     4.835724
    1.572525     3.583445     3.275168     4.410173    -1.499328     2.444095     2.673581     3.911218
   -1.814242    -1.377368    -0.492263     0.249118     0.463774     1.523257     2.301336    -0.500536
    1.341088     1.204475     1.584852     4.061947    -1.159240     1.475936     3.911906     6.331357
   -0.859574     2.176528     1.973680     2.723886    -1.655068    -0.251425    -0.073344     1.199651
    1.009448     2.545908     3.151153     4.710230     0.498478     1.048711     1.548071     2.865590
    0.694196     1.430772     1.984010     2.173922    -0.184818     3.783988     2.980302     4.438428
    1.501107     0.919699     3.254076     3.987047     1.417325     3.094711     3.864730     6.256041
    2.824539     2.883994     2.487103     3.040661     1.495728     4.791852     6.049370     9.643318
    1.280268     2.133113     3.612980     4.815936     2.982173     4.099990     4.719245     5.305270
    1.159202    -0.058237     1.864619     2.512820    -0.373040     0.264174     1.798110     2.422269
   -2.232120    -0.568769     1.025143     1.980165     2.910523     1.794988     1.714878     0.446937
    1.409384     1.904425     1.292237     2.589190    -1.322634     1.706944     1.910614     2.523558
   -0.094077     0.747221     2.004765     2.049947    -0.097004    -0.023871     1.596637     0.491047
   -0.842068     1.026562     1.142479     3.503589    -0.200833     1.755681     3.452167     5.302518
    0.933374     2.102969     3.520674     5.519941     2.604323     3.469349     5.673024     7.591579
   -1.727943     0.648594     2.753084     4.444028     0.267723     1.803149     0.262234     2.401275
    2.867556     2.866206     4.002548     5.056930     0.738936     1.234087     4.508027     7.213712
   -0.546955    -1.035756    -0.371576     1.808369    -0.279461     0.092144     1.177803     2.390877
    1.299333     3.255465     4.739522     5.346230    -0.162881     1.832321     2.250394     4.979431
    0.381563     0.073991     2.165798     1.624572    -0.819667     1.112555     1.562035     3.939602
    1.009829     2.076518     2.949436     4.287133     2.543241     2.207474     5.343605     6.987868
   -0.833557     0.332371     0.855024     0.776705     0.365009     0.805486     1.946471     3.170656
    1.236338     3.723752     4.673452     7.347047     1.489286     2.432750     5.249224     6.182135
    0.076578     3.105797     4.530531     4.791578    -1.214851     0.722426     2.027761     4.206858
    2.720006     2.674251     5.581280     9.033611     1.333131     2.168312     5.472670     9.108428
   -0.869164    -0.044290     1.412577     0.690567     2.418579     0.479887     1.233991     2.336377
    0.285669     0.564777    -0.607911     1.129400    -2.663223     0.249053     2.140092     2.286006
   -1.808020     0.172947     1.345669     1.588261     0.197075    -0.320055    -0.898662    -0.440976
    0.359885     1.098809     3.776964     3.949943     0.827913     0.817371     1.204350     0.274487
    0.531345     2.410018     2.387221     2.352180    -0.865825    -0.797231     0.688077     0.794852
    0.001477     1.266347     6.280382     6.403612     0.256738     2.798139     4.716632     4.974214
   -1.277423     0.304222    -0.211542     2.013788     0.749875    -0.093095    -0.017502     0.432796
   -1.123567     2.762836     3.698116     4.408844     2.422951     2.335522     4.439769     3.856944
   -0.046343     2.247208     1.420893     3.838321     1.838572     1.868919     4.098538     5.316390
    0.723079     1.300488     1.781134     4.025608     0.286291     0.685913     3.543818     5.752023
   -0.216676     2.433994     3.750477     2.682107     0.257227     3.171124     4.683749     6.614416
    0.825377     2.005612     2.920432     5.633962     2.364114     3.363320     5.589727     6.192684
    1.063883     0.850968     2.881356     3.632040     2.245462     3.022895     4.105383     5.495488
   -1.007722     2.251686     2.913311     3.768722     0.971439     1.711718     2.502147     4.245937
    2.258961     1.815748     4.544628     7.471852     0.995197     1.723874     4.701155     4.444959
   -1.111125    -0.681590    -0.129078     1.375202     1.213764    -0.399995    -1.122752    -0.818454
   -0.823236    -1.364955    -0.462326     1.505084     1.136718    -0.194537    -1.217528     1.081982
    0.347304     0.412779     4.902705     4.674726     2.016673     3.836344     3.129537     4.294736
    0.543664     0.498600     1.301373     1.618304     0.113209     2.476977     4.269774     5.084134
    2.145941     2.276119     1.479179     3.236842    -0.397115     0.838584     1.183262     2.688995
    0.159897     2.386573     3.355538     4.600580    -0.408066    -0.228066     3.581188     5.477547
    0.616857     1.590244     4.480971     5.172054    -0.201951     1.124759     1.052335     3.504588
    1.738376     4.681999     4.930243     4.767067    -0.392684     1.745615     3.332025     5.471722
    0.906859     3.029387     3.287833     5.778485     0.846358     3.082458     4.038874     4.992499
   -0.011811     2.423703     3.044126     4.129771     0.127925     2.400681     3.732617     6.160110
    1.270420     3.072427     3.010976     6.976252    -0.096222     1.794316     4.065231     6.621458
   -0.421699     2.473933     5.258231     5.923481     1.720541     4.045546     6.071510     8.583216
    1.026733     1.757217     1.414360     3.940107     0.781551     0.910590     4.874757     6.972050
   -0.231486     2.514071     2.835587     1.484271    -0.754841     0.136222     2.105880     3.946140
    1.022070     0.640485     1.031140     1.561548     0.343752     0.025931     1.318819     2.223085
    1.813843     1.669772     4.443832     6.181772     1.675551     2.729058     3.831559     4.746573
    0.603995     0.705906     3.528263     3.246841    -0.121867     0.589763     2.538738     4.649290
    1.094468     2.425572     3.790873     4.775496     1.273650     3.156107     2.782364     6.169491
   -0.334331     2.706547     5.043474     6.481948     1.785872     2.889084     4.010495     5.619261
    0.833263     3.219085     6.119475     7.649187     0.296414     3.015860     4.810661     8.012782
    0.119874     2.159982     2.601483     3.198026     0.532692     3.039638     3.510127     6.075326
   -0.876242     0.782813     0.050305    -0.444608    -0.689843    -0.518943    -1.986975    -0.228435
    1.025360     2.710747     3.254856     4.010278     1.644839     2.951521     5.434461     6.154468
    0.547396     1.404449     4.425534     4.912989     0.387825     1.976895     4.133843     6.110361
    0.766439     1.077282     3.126736     3.765302    -0.275578     0.278496     2.441416     4.277494
    2.213931     2.164561     2.623593     4.412579     2.353737     4.627459     4.254117     7.771678
    0.042586     1.007881     3.375504     2.543360    -0.386190     1.215900     2.016993     2.422806
    1.013894     2.286942     3.902812     4.904745    -0.015526     2.995782     3.742599     5.664129
    0.594171     0.096727    -0.311076     2.351082    -1.635855     0.337628     0.406148     2.847489
    0.052757    -1.040802     0.728399     1.528451     0.746953     1.320223     0.926607     1.323139
    1.543931     2.301082     3.632194     5.366812     0.221100    -0.252846     2.553158     3.538493
   -0.339620     1.262090     3.268790     3.035383     0.577534     2.187684     3.647690     4.820236
    0.033316     3.322349     3.544588     4.799617     1.191056     3.200043     5.183854     5.695637
    0.436283     1.737449     3.922964     6.665011     2.452363     1.825418     4.103314     3.446961
   -0.765041     1.259020     2.710440     4.002085     1.523865     3.041507     3.248413     5.141148
    0.768401     3.681627     4.797056     5.085278     1.447460     1.181035     3.193973     4.108322
    1.355304     4.172864     2.077175     3.965870     0.018550     3.325345     5.543310     6.582083
    0.924195    -1.097607    -1.056213    -0.853556    -1.072092    -0.353004     0.450306     2.866476
    0.451806     2.080223     3.209154     4.415569     1.278309     3.580276     4.943163     5.651249
    0.539437     0.357617     2.170546     1.950651    -1.150591     1.875106     2.616879     4.094219
    1.861836     2.210485     3.186674     4.849832     0.782749     1.425617     3.433773     6.626552
   -0.481738    -0.184959     2.549544     3.986383     1.762705     2.851404     1.966673     3.604793
    0.971559     1.490810     0.930911     2.836315     1.566850     2.833338     3.072803     4.009153
    0.907683     1.020285     0.104204     1.287441     0.131821     0.952007     1.741393     2.659327
    0.994780     1.392429     3.286007     1.133067    -0.436778     2.194518     2.939597     5.045504
    0.465220     2.560471     5.135178     7.638062     2.788071     5.005873     6.174501     7.953427
    0.061318    -0.660280     2.269485     4.125204     1.022329     0.060687    -0.667730    -0.252475
    2.522449     5.124166     5.945112     7.150638     0.670999     4.091719     8.595054     9.823585
   -0.140477     1.612959     3.772931     4.371545    -0.985692     0.585291     1.518901     3.264825
    1.298336     2.041922     4.344706     6.847788     1.600637     3.051358     3.368976     5.217588
    0.201900     1.799202     2.239838     4.876550     0.617918     1.201287     2.810768     5.992876
    1.258110     1.909836     4.751677     5.510585    -1.352229     1.451356     2.691053     3.026519
    0.239817     0.916232     2.298163     4.232112     0.077049     0.999198     3.023064     5.798002
    1.796284     0.642457     2.376108     2.200822     0.340358     0.307335     0.167925     0.869884
    1.398573     2.604091     5.862653     6.742347     1.200147     3.748727     3.908778     7.230898
    0.829949     2.222596     2.678430     2.342054    -0.730846     0.336708     1.232205     2.666387
    1.614988     3.867116     4.460883     5.587232     1.961539     3.913276     5.378112     7.146396
    0.301690     2.340340     2.026514     3.282643     1.467574     3.235333     4.371856     6.483451
   -2.354578    -0.022264     0.993608     3.336760     0.168038     0.913735     1.103236     1.299568
    2.328121     2.645441     3.023792     3.913620     1.728145     1.976540     1.881657     4.554773
   -1.846274    -1.735234     0.677010     2.773723     2.070464     1.777459    -0.032479     0.730902
    1.607768     2.092463     1.607042     2.731907     1.486021     2.577008     3.861817     5.255349
   -0.034919     1.492230     1.912065     5.508609     1.596099     1.908077     4.194975     5.439211
   -1.380572     0.561069     0.288848     3.469388     0.713673     0.865045     1.313357    -0.325086
   -0.251180     2.206643     3.889415     4.181929    -0.205379     2.016599     4.501478     7.455423
    0.144425     1.611779     4.273400     4.462891     1.292929     2.910053     4.736228     6.438355
    1.312811     5.195007     6.200008    10.634932     1.505226     3.923852     7.208417    10.038100
    0.418348     0.626131     1.347608     3.317058    -1.147614     1.326210     3.227541     4.379564
    0.220904     4.907249     4.106726     4.342414    -0.254634     3.159820     4.510250     7.243037
   -0.093276     2.535427     3.551548     3.608405    -0.018398    -0.343092    -0.082524     1.667133
    1.535605     2.162683     3.530264     5.255571     1.713821     2.653746     4.174087     6.778017
    1.812849     4.850994     6.444549    10.158839     2.642634     3.840825     8.138676    10.283323
    0.677096     2.290905     3.681769     5.238863     0.402078     2.121831     2.824223     3.637379
    0.249065     2.200357     2.223397     3.806068     1.085190     2.079541     3.317757     4.463835
    0.322897     1.931533     3.363506     5.308681     2.163133     2.947510     3.655723     4.113927
    0.263031    -0.349810     0.122024     0.337017    -0.508367     0.521551     1.092136     2.165624
   -2.150438    -1.664380     0.967406     3.349111     1.724343     1.646565    -0.992108     0.786019
    1.113411     5.269986     5.548357     8.397972     1.018901     3.767839     6.090154     8.090349
    0.714454     2.450882     1.849228     2.154723    -1.629404     0.375606     3.375910     6.219855
    1.961057     2.774004     3.598477     5.028863    -0.313572     2.313796     3.405314     4.891782
    0.532634    -0.202010     1.091916    -0.597217    -0.498581     0.707987     2.727332     2.763465
    0.904490     2.947065     4.247413     5.050434     0.747572     2.778238     4.948859     5.076982
    1.248517     2.680383     6.276694     8.215039     0.946570     2.726159     5.577178     8.039723
    0.732393     1.394029    -0.254388    -0.889586    -2.203072     0.265859     1.337205     2.138138
    0.091300     1.487145     3.307431     4.388771    -0.296171     2.452421     3.363963     5.577547
   -1.307546     0.983760     1.996516     3.750915     0.268719     1.069102     1.641674     2.076827
